宏福超市 3.00 2.00 2 89 2.50 2017:01:01:00:00 2020:01:01:00:00
良品铺子 2.50 2.00 1 90 2.00 2017:01:01:00:00 2020:01:01:00:00
0.00 0.00 0.00 0 0 0.00 0000:00:00:00:00 0000:00:00:00:00
0.00 0.00 0.00 0 0 0.00 0000:00:00:00:00 0000:00:00:00:00
0.00 0.00 0.00 0 0 0.00 0000:00:00:00:00 0000:00:00:00:00
0.00 0.00 0.00 0 0 0.00 0000:00:00:00:00 0000:00:00:00:00
0.00 0.00 0.00 0 0 0.00 0000:00:00:00:00 0000:00:00:00:00
0.00 0.00 0.00 0 0 0.00 0000:00:00:00:00 0000:00:00:00:00
0.00 0.00 0.00 0 0 0.00 0000:00:00:00:00 0000:00:00:00:00
0.00 0.00 0.00 0 0 0.00 0000:00:00:00:00 0000:00:00:00:00
0.00 0.00 0.00 0 0 0.00 0000:00:00:00:00 0000:00:00:00:00
0.00 0.00 0.00 0 0 0.00 0000:00:00:00:00 0000:00:00:00:00
0.00 0.00 0.00 0 0 0.00 0000:00:00:00:00 0000:00:00:00:00
0.00 0.00 0.00 0 0 0.00 0000:00:00:00:00 0000:00:00:00:00
0.00 0.00 0.00 0 0 0.00 0000:00:00:00:00 0000:00:00:00:00
0.00 0.00 0.00 0 0 0.00 0000:00:00:00:00 0000:00:00:00:00
0.00 0.00 0.00 0 0 0.00 0000:00:00:00:00 0000:00:00:00:00
0.00 0.00 0.00 0 0 0.00 0000:00:00:00:00 0000:00:00:00:00
0.00 0.00 0.00 0 0 0.00 0000:00:00:00:00 0000:00:00:00:00
0.00 0.00 0.00 0 0 0.00 0000:00:00:00:00 0000:00:00:00:00
0.00 0.00 0.00 0 0 0.00 0000:00:00:00:00 0000:00:00:00:00
0.00 0.00 0.00 0 0 0.00 0000:00:00:00:00 0000:00:00:00:00
0.00 0.00 0.00 0 0 0.00 0000:00:00:00:00 0000:00:00:00:00
0.00 0.00 0.00 0 0 0.00 0000:00:00:00:00 0000:00:00:00:00
0.00 0.00 0.00 0 0 0.00 0000:00:00:00:00 0000:00:00:00:00
0.00 0.00 0.00 0 0 0.00 0000:00:00:00:00 0000:00:00:00:00
0.00 0.00 0.00 0 0 0.00 0000:00:00:00:00 0000:00:00:00:00
0.00 0.00 0.00 0 0 0.00 0000:00:00:00:00 0000:00:00:00:00
0.00 0.00 0.00 0 0 0.00 0000:00:00:00:00 0000:00:00:00:00
0.00 0.00 0.00 0 0 0.00 0000:00:00:00:00 0000:00:00:00:00
0.00 0.00 0.00 0 0 0.00 0000:00:00:00:00 0000:00:00:00:00
0.00 0.00 0.00 0 0 0.00 0000:00:00:00:00 0000:00:00:00:00
0.00 0.00 0.00 0 0 0.00 0000:00:00:00:00 0000:00:00:00:00
0.00 0.00 0.00 0 0 0.00 0000:00:00:00:00 0000:00:00:00:00
0.00 0.00 0.00 0 0 0.00 0000:00:00:00:00 0000:00:00:00:00
0.00 0.00 0.00 0 0 0.00 0000:00:00:00:00 0000:00:00:00:00
0.00 0.00 0.00 0 0 0.00 0000:00:00:00:00 0000:00:00:00:00
0.00 0.00 0.00 0 0 0.00 0000:00:00:00:00 0000:00:00:00:00
0.00 0.00 0.00 0 0 0.00 0000:00:00:00:00 0000:00:00:00:00
0.00 0.00 0.00 0 0 0.00 0000:00:00:00:00 0000:00:00:00:00
0.00 0.00 0.00 0 0 0.00 0000:00:00:00:00 0000:00:00:00:00
0.00 0.00 0.00 0 0 0.00 0000:00:00:00:00 0000:00:00:00:00
0.00 0.00 0.00 0 0 0.00 0000:00:00:00:00 0000:00:00:00:00
0.00 0.00 0.00 0 0 0.00 0000:00:00:00:00 0000:00:00:00:00
0.00 0.00 0.00 0 0 0.00 0000:00:00:00:00 0000:00:00:00:00
0.00 0.00 0.00 0 0 0.00 0000:00:00:00:00 0000:00:00:00:00
0.00 0.00 0.00 0 0 0.00 0000:00:00:00:00 0000:00:00:00:00
0.00 0.00 0.00 0 0 0.00 0000:00:00:00:00 0000:00:00:00:00
0.00 0.00 0.00 0 0 0.00 0000:00:00:00:00 0000:00:00:00:00
0.00 0.00 0.00 0 0 0.00 0000:00:00:00:00 0000:00:00:00:00
0.00 0.00 0.00 0 0 0.00 0000:00:00:00:00 0000:00:00:00:00
0.00 0.00 0.00 0 0 0.00 0000:00:00:00:00 0000:00:00:00:00
0.00 0.00 0.00 0 0 0.00 0000:00:00:00:00 0000:00:00:00:00
0.00 0.00 0.00 0 0 0.00 0000:00:00:00:00 0000:00:00:00:00
0.00 0.00 0.00 0 0 0.00 0000:00:00:00:00 0000:00:00:00:00
0.00 0.00 0.00 0 0 0.00 0000:00:00:00:00 0000:00:00:00:00
0.00 0.00 0.00 0 0 0.00 0000:00:00:00:00 0000:00:00:00:00
0.00 0.00 0.00 0 0 0.00 0000:00:00:00:00 0000:00:00:00:00
0.00 0.00 0.00 0 0 0.00 0000:00:00:00:00 0000:00:00:00:00
0.00 0.00 0.00 0 0 0.00 0000:00:00:00:00 0000:00:00:00:00
0.00 0.00 0.00 0 0 0.00 0000:00:00:00:00 0000:00:00:00:00
0.00 0.00 0.00 0 0 0.00 0000:00:00:00:00 0000:00:00:00:00
0.00 0.00 0.00 0 0 0.00 0000:00:00:00:00 0000:00:00:00:00
0.00 0.00 0.00 0 0 0.00 0000:00:00:00:00 0000:00:00:00:00
0.00 0.00 0.00 0 0 0.00 0000:00:00:00:00 0000:00:00:00:00
0.00 0.00 0.00 0 0 0.00 0000:00:00:00:00 0000:00:00:00:00
0.00 0.00 0.00 0 0 0.00 0000:00:00:00:00 0000:00:00:00:00
0.00 0.00 0.00 0 0 0.00 0000:00:00:00:00 0000:00:00:00:00
0.00 0.00 0.00 0 0 0.00 0000:00:00:00:00 0000:00:00:00:00
0.00 0.00 0.00 0 0 0.00 0000:00:00:00:00 0000:00:00:00:00
0.00 0.00 0.00 0 0 0.00 0000:00:00:00:00 0000:00:00:00:00
0.00 0.00 0.00 0 0 0.00 0000:00:00:00:00 0000:00:00:00:00
0.00 0.00 0.00 0 0 0.00 0000:00:00:00:00 0000:00:00:00:00
0.00 0.00 0.00 0 0 0.00 0000:00:00:00:00 0000:00:00:00:00
0.00 0.00 0.00 0 0 0.00 0000:00:00:00:00 0000:00:00:00:00
0.00 0.00 0.00 0 0 0.00 0000:00:00:00:00 0000:00:00:00:00
0.00 0.00 0.00 0 0 0.00 0000:00:00:00:00 0000:00:00:00:00
0.00 0.00 0.00 0 0 0.00 0000:00:00:00:00 0000:00:00:00:00
0.00 0.00 0.00 0 0 0.00 0000:00:00:00:00 0000:00:00:00:00
0.00 0.00 0.00 0 0 0.00 0000:00:00:00:00 0000:00:00:00:00
0.00 0.00 0.00 0 0 0.00 0000:00:00:00:00 0000:00:00:00:00
0.00 0.00 0.00 0 0 0.00 0000:00:00:00:00 0000:00:00:00:00
0.00 0.00 0.00 0 0 0.00 0000:00:00:00:00 0000:00:00:00:00
0.00 0.00 0.00 0 0 0.00 0000:00:00:00:00 0000:00:00:00:00
0.00 0.00 0.00 0 0 0.00 0000:00:00:00:00 0000:00:00:00:00
0.00 0.00 0.00 0 0 0.00 0000:00:00:00:00 0000:00:00:00:00
0.00 0.00 0.00 0 0 0.00 0000:00:00:00:00 0000:00:00:00:00
0.00 0.00 0.00 0 0 0.00 0000:00:00:00:00 0000:00:00:00:00
0.00 0.00 0.00 0 0 0.00 0000:00:00:00:00 0000:00:00:00:00
0.00 0.00 0.00 0 0 0.00 0000:00:00:00:00 0000:00:00:00:00
0.00 0.00 0.00 0 0 0.00 0000:00:00:00:00 0000:00:00:00:00
0.00 0.00 0.00 0 0 0.00 0000:00:00:00:00 0000:00:00:00:00
0.00 0.00 0.00 0 0 0.00 0000:00:00:00:00 0000:00:00:00:00
0.00 0.00 0.00 0 0 0.00 0000:00:00:00:00 0000:00:00:00:00
0.00 0.00 0.00 0 0 0.00 0000:00:00:00:00 0000:00:00:00:00
0.00 0.00 0.00 0 0 0.00 0000:00:00:00:00 0000:00:00:00:00
0.00 0.00 0.00 0 0 0.00 0000:00:00:00:00 0000:00:00:00:00
0.00 0.00 0.00 0 0 0.00 0000:00:00:00:00 0000:00:00:00:00
0.00 0.00 0.00 0 0 0.00 0000:00:00:00:00 0000:00:00:00:00
0.00 0.00 0.00 0 0 0.00 0000:00:00:00:00 0000:00:00:00:00
0.00 0.00 0.00 0 0 0.00 0000:00:00:00:00 0000:00:00:00:00
