宏福超市 80.00 60.00 0 15 75.00 2017:01:01:00:00 2020:01:01:00:00
华联超市 75.00 60.00 0 20 70.00 2017:01:01:00:00 2020:01:01:00:00
0.00 0.00 0.00 0 0 0.00 0000:00:00:00:00 0000:00:00:00:00
0.00 0.00 0.00 0 0 0.00 0000:00:00:00:00 0000:00:00:00:00
0.00 0.00 0.00 0 0 0.00 0000:00:00:00:00 0000:00:00:00:00
0.00 0.00 0.00 0 0 0.00 0000:00:00:00:00 0000:00:00:00:00
0.00 0.00 0.00 0 0 0.00 0000:00:00:00:00 0000:00:00:00:00
0.00 0.00 0.00 0 0 0.00 0000:00:00:00:00 0000:00:00:00:00
0.00 0.00 0.00 0 0 0.00 0000:00:00:00:00 0000:00:00:00:00
0.00 0.00 0.00 0 0 0.00 0000:00:00:00:00 0000:00:00:00:00
0.00 0.00 0.00 0 0 0.00 0000:00:00:00:00 0000:00:00:00:00
0.00 0.00 0.00 0 0 0.00 0000:00:00:00:00 0000:00:00:00:00
0.00 0.00 0.00 0 0 0.00 0000:00:00:00:00 0000:00:00:00:00
0.00 0.00 0.00 0 0 0.00 0000:00:00:00:00 0000:00:00:00:00
0.00 0.00 0.00 0 0 0.00 0000:00:00:00:00 0000:00:00:00:00
0.00 0.00 0.00 0 0 0.00 0000:00:00:00:00 0000:00:00:00:00
0.00 0.00 0.00 0 0 0.00 0000:00:00:00:00 0000:00:00:00:00
0.00 0.00 0.00 0 0 0.00 0000:00:00:00:00 0000:00:00:00:00
0.00 0.00 0.00 0 0 0.00 0000:00:00:00:00 0000:00:00:00:00
0.00 0.00 0.00 0 0 0.00 0000:00:00:00:00 0000:00:00:00:00
0.00 0.00 0.00 0 0 0.00 0000:00:00:00:00 0000:00:00:00:00
0.00 0.00 0.00 0 0 0.00 0000:00:00:00:00 0000:00:00:00:00
0.00 0.00 0.00 0 0 0.00 0000:00:00:00:00 0000:00:00:00:00
0.00 0.00 0.00 0 0 0.00 0000:00:00:00:00 0000:00:00:00:00
0.00 0.00 0.00 0 0 0.00 0000:00:00:00:00 0000:00:00:00:00
0.00 0.00 0.00 0 0 0.00 0000:00:00:00:00 0000:00:00:00:00
0.00 0.00 0.00 0 0 0.00 0000:00:00:00:00 0000:00:00:00:00
0.00 0.00 0.00 0 0 0.00 0000:00:00:00:00 0000:00:00:00:00
0.00 0.00 0.00 0 0 0.00 0000:00:00:00:00 0000:00:00:00:00
0.00 0.00 0.00 0 0 0.00 0000:00:00:00:00 0000:00:00:00:00
0.00 0.00 0.00 0 0 0.00 0000:00:00:00:00 0000:00:00:00:00
0.00 0.00 0.00 0 0 0.00 0000:00:00:00:00 0000:00:00:00:00
0.00 0.00 0.00 0 0 0.00 0000:00:00:00:00 0000:00:00:00:00
0.00 0.00 0.00 0 0 0.00 0000:00:00:00:00 0000:00:00:00:00
0.00 0.00 0.00 0 0 0.00 0000:00:00:00:00 0000:00:00:00:00
0.00 0.00 0.00 0 0 0.00 0000:00:00:00:00 0000:00:00:00:00
0.00 0.00 0.00 0 0 0.00 0000:00:00:00:00 0000:00:00:00:00
0.00 0.00 0.00 0 0 0.00 0000:00:00:00:00 0000:00:00:00:00
0.00 0.00 0.00 0 0 0.00 0000:00:00:00:00 0000:00:00:00:00
0.00 0.00 0.00 0 0 0.00 0000:00:00:00:00 0000:00:00:00:00
0.00 0.00 0.00 0 0 0.00 0000:00:00:00:00 0000:00:00:00:00
0.00 0.00 0.00 0 0 0.00 0000:00:00:00:00 0000:00:00:00:00
0.00 0.00 0.00 0 0 0.00 0000:00:00:00:00 0000:00:00:00:00
0.00 0.00 0.00 0 0 0.00 0000:00:00:00:00 0000:00:00:00:00
0.00 0.00 0.00 0 0 0.00 0000:00:00:00:00 0000:00:00:00:00
0.00 0.00 0.00 0 0 0.00 0000:00:00:00:00 0000:00:00:00:00
0.00 0.00 0.00 0 0 0.00 0000:00:00:00:00 0000:00:00:00:00
0.00 0.00 0.00 0 0 0.00 0000:00:00:00:00 0000:00:00:00:00
0.00 0.00 0.00 0 0 0.00 0000:00:00:00:00 0000:00:00:00:00
0.00 0.00 0.00 0 0 0.00 0000:00:00:00:00 0000:00:00:00:00
0.00 0.00 0.00 0 0 0.00 0000:00:00:00:00 0000:00:00:00:00
0.00 0.00 0.00 0 0 0.00 0000:00:00:00:00 0000:00:00:00:00
0.00 0.00 0.00 0 0 0.00 0000:00:00:00:00 0000:00:00:00:00
0.00 0.00 0.00 0 0 0.00 0000:00:00:00:00 0000:00:00:00:00
0.00 0.00 0.00 0 0 0.00 0000:00:00:00:00 0000:00:00:00:00
0.00 0.00 0.00 0 0 0.00 0000:00:00:00:00 0000:00:00:00:00
0.00 0.00 0.00 0 0 0.00 0000:00:00:00:00 0000:00:00:00:00
0.00 0.00 0.00 0 0 0.00 0000:00:00:00:00 0000:00:00:00:00
0.00 0.00 0.00 0 0 0.00 0000:00:00:00:00 0000:00:00:00:00
0.00 0.00 0.00 0 0 0.00 0000:00:00:00:00 0000:00:00:00:00
0.00 0.00 0.00 0 0 0.00 0000:00:00:00:00 0000:00:00:00:00
0.00 0.00 0.00 0 0 0.00 0000:00:00:00:00 0000:00:00:00:00
0.00 0.00 0.00 0 0 0.00 0000:00:00:00:00 0000:00:00:00:00
0.00 0.00 0.00 0 0 0.00 0000:00:00:00:00 0000:00:00:00:00
0.00 0.00 0.00 0 0 0.00 0000:00:00:00:00 0000:00:00:00:00
0.00 0.00 0.00 0 0 0.00 0000:00:00:00:00 0000:00:00:00:00
0.00 0.00 0.00 0 0 0.00 0000:00:00:00:00 0000:00:00:00:00
0.00 0.00 0.00 0 0 0.00 0000:00:00:00:00 0000:00:00:00:00
0.00 0.00 0.00 0 0 0.00 0000:00:00:00:00 0000:00:00:00:00
0.00 0.00 0.00 0 0 0.00 0000:00:00:00:00 0000:00:00:00:00
0.00 0.00 0.00 0 0 0.00 0000:00:00:00:00 0000:00:00:00:00
0.00 0.00 0.00 0 0 0.00 0000:00:00:00:00 0000:00:00:00:00
0.00 0.00 0.00 0 0 0.00 0000:00:00:00:00 0000:00:00:00:00
0.00 0.00 0.00 0 0 0.00 0000:00:00:00:00 0000:00:00:00:00
0.00 0.00 0.00 0 0 0.00 0000:00:00:00:00 0000:00:00:00:00
0.00 0.00 0.00 0 0 0.00 0000:00:00:00:00 0000:00:00:00:00
0.00 0.00 0.00 0 0 0.00 0000:00:00:00:00 0000:00:00:00:00
0.00 0.00 0.00 0 0 0.00 0000:00:00:00:00 0000:00:00:00:00
0.00 0.00 0.00 0 0 0.00 0000:00:00:00:00 0000:00:00:00:00
0.00 0.00 0.00 0 0 0.00 0000:00:00:00:00 0000:00:00:00:00
0.00 0.00 0.00 0 0 0.00 0000:00:00:00:00 0000:00:00:00:00
0.00 0.00 0.00 0 0 0.00 0000:00:00:00:00 0000:00:00:00:00
0.00 0.00 0.00 0 0 0.00 0000:00:00:00:00 0000:00:00:00:00
0.00 0.00 0.00 0 0 0.00 0000:00:00:00:00 0000:00:00:00:00
0.00 0.00 0.00 0 0 0.00 0000:00:00:00:00 0000:00:00:00:00
0.00 0.00 0.00 0 0 0.00 0000:00:00:00:00 0000:00:00:00:00
0.00 0.00 0.00 0 0 0.00 0000:00:00:00:00 0000:00:00:00:00
0.00 0.00 0.00 0 0 0.00 0000:00:00:00:00 0000:00:00:00:00
0.00 0.00 0.00 0 0 0.00 0000:00:00:00:00 0000:00:00:00:00
0.00 0.00 0.00 0 0 0.00 0000:00:00:00:00 0000:00:00:00:00
0.00 0.00 0.00 0 0 0.00 0000:00:00:00:00 0000:00:00:00:00
0.00 0.00 0.00 0 0 0.00 0000:00:00:00:00 0000:00:00:00:00
0.00 0.00 0.00 0 0 0.00 0000:00:00:00:00 0000:00:00:00:00
0.00 0.00 0.00 0 0 0.00 0000:00:00:00:00 0000:00:00:00:00
0.00 0.00 0.00 0 0 0.00 0000:00:00:00:00 0000:00:00:00:00
0.00 0.00 0.00 0 0 0.00 0000:00:00:00:00 0000:00:00:00:00
0.00 0.00 0.00 0 0 0.00 0000:00:00:00:00 0000:00:00:00:00
0.00 0.00 0.00 0 0 0.00 0000:00:00:00:00 0000:00:00:00:00
0.00 0.00 0.00 0 0 0.00 0000:00:00:00:00 0000:00:00:00:00
0.00 0.00 0.00 0 0 0.00 0000:00:00:00:00 0000:00:00:00:00
0.00 0.00 0.00 0 0 0.00 0000:00:00:00:00 0000:00:00:00:00
