三只松鼠 35.00 20.00 0 760 32.50 2017:01:01:00:00 2020:01:01:00:00
 0.00 0.00 0 0 0.00 0000:00:00:00:00 0000:00:00:00:00
 0.00 0.00 0 0 0.00 0000:00:00:00:00 0000:00:00:00:00
 0.00 0.00 0 0 0.00 0000:00:00:00:00 0000:00:00:00:00
 0.00 0.00 0 0 0.00 0000:00:00:00:00 0000:00:00:00:00
 0.00 0.00 0 0 0.00 0000:00:00:00:00 0000:00:00:00:00
 0.00 0.00 0 0 0.00 0000:00:00:00:00 0000:00:00:00:00
 0.00 0.00 0 0 0.00 0000:00:00:00:00 0000:00:00:00:00
 0.00 0.00 0 0 0.00 0000:00:00:00:00 0000:00:00:00:00
 0.00 0.00 0 0 0.00 0000:00:00:00:00 0000:00:00:00:00
 0.00 0.00 0 0 0.00 0000:00:00:00:00 0000:00:00:00:00
 0.00 0.00 0 0 0.00 0000:00:00:00:00 0000:00:00:00:00
 0.00 0.00 0 0 0.00 0000:00:00:00:00 0000:00:00:00:00
 0.00 0.00 0 0 0.00 0000:00:00:00:00 0000:00:00:00:00
 0.00 0.00 0 0 0.00 0000:00:00:00:00 0000:00:00:00:00
 0.00 0.00 0 0 0.00 0000:00:00:00:00 0000:00:00:00:00
 0.00 0.00 0 0 0.00 0000:00:00:00:00 0000:00:00:00:00
 0.00 0.00 0 0 0.00 0000:00:00:00:00 0000:00:00:00:00
 0.00 0.00 0 0 0.00 0000:00:00:00:00 0000:00:00:00:00
 0.00 0.00 0 0 0.00 0000:00:00:00:00 0000:00:00:00:00
 0.00 0.00 0 0 0.00 0000:00:00:00:00 0000:00:00:00:00
 0.00 0.00 0 0 0.00 0000:00:00:00:00 0000:00:00:00:00
 0.00 0.00 0 0 0.00 0000:00:00:00:00 0000:00:00:00:00
 0.00 0.00 0 0 0.00 0000:00:00:00:00 0000:00:00:00:00
 0.00 0.00 0 0 0.00 0000:00:00:00:00 0000:00:00:00:00
 0.00 0.00 0 0 0.00 0000:00:00:00:00 0000:00:00:00:00
 0.00 0.00 0 0 0.00 0000:00:00:00:00 0000:00:00:00:00
 0.00 0.00 0 0 0.00 0000:00:00:00:00 0000:00:00:00:00
 0.00 0.00 0 0 0.00 0000:00:00:00:00 0000:00:00:00:00
 0.00 0.00 0 0 0.00 0000:00:00:00:00 0000:00:00:00:00
 0.00 0.00 0 0 0.00 0000:00:00:00:00 0000:00:00:00:00
 0.00 0.00 0 0 0.00 0000:00:00:00:00 0000:00:00:00:00
 0.00 0.00 0 0 0.00 0000:00:00:00:00 0000:00:00:00:00
 0.00 0.00 0 0 0.00 0000:00:00:00:00 0000:00:00:00:00
 0.00 0.00 0 0 0.00 0000:00:00:00:00 0000:00:00:00:00
 0.00 0.00 0 0 0.00 0000:00:00:00:00 0000:00:00:00:00
 0.00 0.00 0 0 0.00 0000:00:00:00:00 0000:00:00:00:00
 0.00 0.00 0 0 0.00 0000:00:00:00:00 0000:00:00:00:00
 0.00 0.00 0 0 0.00 0000:00:00:00:00 0000:00:00:00:00
 0.00 0.00 0 0 0.00 0000:00:00:00:00 0000:00:00:00:00
 0.00 0.00 0 0 0.00 0000:00:00:00:00 0000:00:00:00:00
 0.00 0.00 0 0 0.00 0000:00:00:00:00 0000:00:00:00:00
 0.00 0.00 0 0 0.00 0000:00:00:00:00 0000:00:00:00:00
 0.00 0.00 0 0 0.00 0000:00:00:00:00 0000:00:00:00:00
 0.00 0.00 0 0 0.00 0000:00:00:00:00 0000:00:00:00:00
 0.00 0.00 0 0 0.00 0000:00:00:00:00 0000:00:00:00:00
 0.00 0.00 0 0 0.00 0000:00:00:00:00 0000:00:00:00:00
 0.00 0.00 0 0 0.00 0000:00:00:00:00 0000:00:00:00:00
 0.00 0.00 0 0 0.00 0000:00:00:00:00 0000:00:00:00:00
 0.00 0.00 0 0 0.00 0000:00:00:00:00 0000:00:00:00:00
 0.00 0.00 0 0 0.00 0000:00:00:00:00 0000:00:00:00:00
 0.00 0.00 0 0 0.00 0000:00:00:00:00 0000:00:00:00:00
 0.00 0.00 0 0 0.00 0000:00:00:00:00 0000:00:00:00:00
 0.00 0.00 0 0 0.00 0000:00:00:00:00 0000:00:00:00:00
 0.00 0.00 0 0 0.00 0000:00:00:00:00 0000:00:00:00:00
 0.00 0.00 0 0 0.00 0000:00:00:00:00 0000:00:00:00:00
 0.00 0.00 0 0 0.00 0000:00:00:00:00 0000:00:00:00:00
 0.00 0.00 0 0 0.00 0000:00:00:00:00 0000:00:00:00:00
 0.00 0.00 0 0 0.00 0000:00:00:00:00 0000:00:00:00:00
 0.00 0.00 0 0 0.00 0000:00:00:00:00 0000:00:00:00:00
 0.00 0.00 0 0 0.00 0000:00:00:00:00 0000:00:00:00:00
 0.00 0.00 0 0 0.00 0000:00:00:00:00 0000:00:00:00:00
 0.00 0.00 0 0 0.00 0000:00:00:00:00 0000:00:00:00:00
 0.00 0.00 0 0 0.00 0000:00:00:00:00 0000:00:00:00:00
 0.00 0.00 0 0 0.00 0000:00:00:00:00 0000:00:00:00:00
 0.00 0.00 0 0 0.00 0000:00:00:00:00 0000:00:00:00:00
 0.00 0.00 0 0 0.00 0000:00:00:00:00 0000:00:00:00:00
 0.00 0.00 0 0 0.00 0000:00:00:00:00 0000:00:00:00:00
 0.00 0.00 0 0 0.00 0000:00:00:00:00 0000:00:00:00:00
 0.00 0.00 0 0 0.00 0000:00:00:00:00 0000:00:00:00:00
 0.00 0.00 0 0 0.00 0000:00:00:00:00 0000:00:00:00:00
 0.00 0.00 0 0 0.00 0000:00:00:00:00 0000:00:00:00:00
 0.00 0.00 0 0 0.00 0000:00:00:00:00 0000:00:00:00:00
 0.00 0.00 0 0 0.00 0000:00:00:00:00 0000:00:00:00:00
 0.00 0.00 0 0 0.00 0000:00:00:00:00 0000:00:00:00:00
 0.00 0.00 0 0 0.00 0000:00:00:00:00 0000:00:00:00:00
 0.00 0.00 0 0 0.00 0000:00:00:00:00 0000:00:00:00:00
 0.00 0.00 0 0 0.00 0000:00:00:00:00 0000:00:00:00:00
 0.00 0.00 0 0 0.00 0000:00:00:00:00 0000:00:00:00:00
 0.00 0.00 0 0 0.00 0000:00:00:00:00 0000:00:00:00:00
 0.00 0.00 0 0 0.00 0000:00:00:00:00 0000:00:00:00:00
 0.00 0.00 0 0 0.00 0000:00:00:00:00 0000:00:00:00:00
 0.00 0.00 0 0 0.00 0000:00:00:00:00 0000:00:00:00:00
 0.00 0.00 0 0 0.00 0000:00:00:00:00 0000:00:00:00:00
 0.00 0.00 0 0 0.00 0000:00:00:00:00 0000:00:00:00:00
 0.00 0.00 0 0 0.00 0000:00:00:00:00 0000:00:00:00:00
 0.00 0.00 0 0 0.00 0000:00:00:00:00 0000:00:00:00:00
 0.00 0.00 0 0 0.00 0000:00:00:00:00 0000:00:00:00:00
 0.00 0.00 0 0 0.00 0000:00:00:00:00 0000:00:00:00:00
 0.00 0.00 0 0 0.00 0000:00:00:00:00 0000:00:00:00:00
 0.00 0.00 0 0 0.00 0000:00:00:00:00 0000:00:00:00:00
 0.00 0.00 0 0 0.00 0000:00:00:00:00 0000:00:00:00:00
 0.00 0.00 0 0 0.00 0000:00:00:00:00 0000:00:00:00:00
 0.00 0.00 0 0 0.00 0000:00:00:00:00 0000:00:00:00:00
 0.00 0.00 0 0 0.00 0000:00:00:00:00 0000:00:00:00:00
 0.00 0.00 0 0 0.00 0000:00:00:00:00 0000:00:00:00:00
 0.00 0.00 0 0 0.00 0000:00:00:00:00 0000:00:00:00:00
 0.00 0.00 0 0 0.00 0000:00:00:00:00 0000:00:00:00:00
 0.00 0.00 0 0 0.00 0000:00:00:00:00 0000:00:00:00:00
 0.00 0.00 0 0 0.00 0000:00:00:00:00 0000:00:00:00:00
0.00 0.00 0.00 0 0 0.00 0000:00:00:00:00 0000:00:00:00:00
