良品铺子 30.00 20.00 0 500 28.00 2017:01:01:00:00 2020:01:01:00:00
三只松鼠 30.00 20.00 0 450 28.80 2017:01:01:00:00 2020:01:01:00:00
0.00 0.00 0.00 0 0 0.00 0000:00:00:00:00 0000:00:00:00:00
0.00 0.00 0.00 0 0 0.00 0000:00:00:00:00 0000:00:00:00:00
0.00 0.00 0.00 0 0 0.00 0000:00:00:00:00 0000:00:00:00:00
0.00 0.00 0.00 0 0 0.00 0000:00:00:00:00 0000:00:00:00:00
0.00 0.00 0.00 0 0 0.00 0000:00:00:00:00 0000:00:00:00:00
0.00 0.00 0.00 0 0 0.00 0000:00:00:00:00 0000:00:00:00:00
0.00 0.00 0.00 0 0 0.00 0000:00:00:00:00 0000:00:00:00:00
0.00 0.00 0.00 0 0 0.00 0000:00:00:00:00 0000:00:00:00:00
0.00 0.00 0.00 0 0 0.00 0000:00:00:00:00 0000:00:00:00:00
0.00 0.00 0.00 0 0 0.00 0000:00:00:00:00 0000:00:00:00:00
0.00 0.00 0.00 0 0 0.00 0000:00:00:00:00 0000:00:00:00:00
0.00 0.00 0.00 0 0 0.00 0000:00:00:00:00 0000:00:00:00:00
0.00 0.00 0.00 0 0 0.00 0000:00:00:00:00 0000:00:00:00:00
0.00 0.00 0.00 0 0 0.00 0000:00:00:00:00 0000:00:00:00:00
0.00 0.00 0.00 0 0 0.00 0000:00:00:00:00 0000:00:00:00:00
0.00 0.00 0.00 0 0 0.00 0000:00:00:00:00 0000:00:00:00:00
0.00 0.00 0.00 0 0 0.00 0000:00:00:00:00 0000:00:00:00:00
0.00 0.00 0.00 0 0 0.00 0000:00:00:00:00 0000:00:00:00:00
0.00 0.00 0.00 0 0 0.00 0000:00:00:00:00 0000:00:00:00:00
0.00 0.00 0.00 0 0 0.00 0000:00:00:00:00 0000:00:00:00:00
0.00 0.00 0.00 0 0 0.00 0000:00:00:00:00 0000:00:00:00:00
0.00 0.00 0.00 0 0 0.00 0000:00:00:00:00 0000:00:00:00:00
0.00 0.00 0.00 0 0 0.00 0000:00:00:00:00 0000:00:00:00:00
0.00 0.00 0.00 0 0 0.00 0000:00:00:00:00 0000:00:00:00:00
0.00 0.00 0.00 0 0 0.00 0000:00:00:00:00 0000:00:00:00:00
0.00 0.00 0.00 0 0 0.00 0000:00:00:00:00 0000:00:00:00:00
0.00 0.00 0.00 0 0 0.00 0000:00:00:00:00 0000:00:00:00:00
0.00 0.00 0.00 0 0 0.00 0000:00:00:00:00 0000:00:00:00:00
0.00 0.00 0.00 0 0 0.00 0000:00:00:00:00 0000:00:00:00:00
0.00 0.00 0.00 0 0 0.00 0000:00:00:00:00 0000:00:00:00:00
0.00 0.00 0.00 0 0 0.00 0000:00:00:00:00 0000:00:00:00:00
0.00 0.00 0.00 0 0 0.00 0000:00:00:00:00 0000:00:00:00:00
0.00 0.00 0.00 0 0 0.00 0000:00:00:00:00 0000:00:00:00:00
0.00 0.00 0.00 0 0 0.00 0000:00:00:00:00 0000:00:00:00:00
0.00 0.00 0.00 0 0 0.00 0000:00:00:00:00 0000:00:00:00:00
0.00 0.00 0.00 0 0 0.00 0000:00:00:00:00 0000:00:00:00:00
0.00 0.00 0.00 0 0 0.00 0000:00:00:00:00 0000:00:00:00:00
0.00 0.00 0.00 0 0 0.00 0000:00:00:00:00 0000:00:00:00:00
0.00 0.00 0.00 0 0 0.00 0000:00:00:00:00 0000:00:00:00:00
0.00 0.00 0.00 0 0 0.00 0000:00:00:00:00 0000:00:00:00:00
0.00 0.00 0.00 0 0 0.00 0000:00:00:00:00 0000:00:00:00:00
0.00 0.00 0.00 0 0 0.00 0000:00:00:00:00 0000:00:00:00:00
0.00 0.00 0.00 0 0 0.00 0000:00:00:00:00 0000:00:00:00:00
0.00 0.00 0.00 0 0 0.00 0000:00:00:00:00 0000:00:00:00:00
0.00 0.00 0.00 0 0 0.00 0000:00:00:00:00 0000:00:00:00:00
0.00 0.00 0.00 0 0 0.00 0000:00:00:00:00 0000:00:00:00:00
0.00 0.00 0.00 0 0 0.00 0000:00:00:00:00 0000:00:00:00:00
0.00 0.00 0.00 0 0 0.00 0000:00:00:00:00 0000:00:00:00:00
0.00 0.00 0.00 0 0 0.00 0000:00:00:00:00 0000:00:00:00:00
0.00 0.00 0.00 0 0 0.00 0000:00:00:00:00 0000:00:00:00:00
0.00 0.00 0.00 0 0 0.00 0000:00:00:00:00 0000:00:00:00:00
0.00 0.00 0.00 0 0 0.00 0000:00:00:00:00 0000:00:00:00:00
0.00 0.00 0.00 0 0 0.00 0000:00:00:00:00 0000:00:00:00:00
0.00 0.00 0.00 0 0 0.00 0000:00:00:00:00 0000:00:00:00:00
0.00 0.00 0.00 0 0 0.00 0000:00:00:00:00 0000:00:00:00:00
0.00 0.00 0.00 0 0 0.00 0000:00:00:00:00 0000:00:00:00:00
0.00 0.00 0.00 0 0 0.00 0000:00:00:00:00 0000:00:00:00:00
0.00 0.00 0.00 0 0 0.00 0000:00:00:00:00 0000:00:00:00:00
0.00 0.00 0.00 0 0 0.00 0000:00:00:00:00 0000:00:00:00:00
0.00 0.00 0.00 0 0 0.00 0000:00:00:00:00 0000:00:00:00:00
0.00 0.00 0.00 0 0 0.00 0000:00:00:00:00 0000:00:00:00:00
0.00 0.00 0.00 0 0 0.00 0000:00:00:00:00 0000:00:00:00:00
0.00 0.00 0.00 0 0 0.00 0000:00:00:00:00 0000:00:00:00:00
0.00 0.00 0.00 0 0 0.00 0000:00:00:00:00 0000:00:00:00:00
0.00 0.00 0.00 0 0 0.00 0000:00:00:00:00 0000:00:00:00:00
0.00 0.00 0.00 0 0 0.00 0000:00:00:00:00 0000:00:00:00:00
0.00 0.00 0.00 0 0 0.00 0000:00:00:00:00 0000:00:00:00:00
0.00 0.00 0.00 0 0 0.00 0000:00:00:00:00 0000:00:00:00:00
0.00 0.00 0.00 0 0 0.00 0000:00:00:00:00 0000:00:00:00:00
0.00 0.00 0.00 0 0 0.00 0000:00:00:00:00 0000:00:00:00:00
0.00 0.00 0.00 0 0 0.00 0000:00:00:00:00 0000:00:00:00:00
0.00 0.00 0.00 0 0 0.00 0000:00:00:00:00 0000:00:00:00:00
0.00 0.00 0.00 0 0 0.00 0000:00:00:00:00 0000:00:00:00:00
0.00 0.00 0.00 0 0 0.00 0000:00:00:00:00 0000:00:00:00:00
0.00 0.00 0.00 0 0 0.00 0000:00:00:00:00 0000:00:00:00:00
0.00 0.00 0.00 0 0 0.00 0000:00:00:00:00 0000:00:00:00:00
0.00 0.00 0.00 0 0 0.00 0000:00:00:00:00 0000:00:00:00:00
0.00 0.00 0.00 0 0 0.00 0000:00:00:00:00 0000:00:00:00:00
0.00 0.00 0.00 0 0 0.00 0000:00:00:00:00 0000:00:00:00:00
0.00 0.00 0.00 0 0 0.00 0000:00:00:00:00 0000:00:00:00:00
0.00 0.00 0.00 0 0 0.00 0000:00:00:00:00 0000:00:00:00:00
0.00 0.00 0.00 0 0 0.00 0000:00:00:00:00 0000:00:00:00:00
0.00 0.00 0.00 0 0 0.00 0000:00:00:00:00 0000:00:00:00:00
0.00 0.00 0.00 0 0 0.00 0000:00:00:00:00 0000:00:00:00:00
0.00 0.00 0.00 0 0 0.00 0000:00:00:00:00 0000:00:00:00:00
0.00 0.00 0.00 0 0 0.00 0000:00:00:00:00 0000:00:00:00:00
0.00 0.00 0.00 0 0 0.00 0000:00:00:00:00 0000:00:00:00:00
0.00 0.00 0.00 0 0 0.00 0000:00:00:00:00 0000:00:00:00:00
0.00 0.00 0.00 0 0 0.00 0000:00:00:00:00 0000:00:00:00:00
0.00 0.00 0.00 0 0 0.00 0000:00:00:00:00 0000:00:00:00:00
0.00 0.00 0.00 0 0 0.00 0000:00:00:00:00 0000:00:00:00:00
0.00 0.00 0.00 0 0 0.00 0000:00:00:00:00 0000:00:00:00:00
0.00 0.00 0.00 0 0 0.00 0000:00:00:00:00 0000:00:00:00:00
0.00 0.00 0.00 0 0 0.00 0000:00:00:00:00 0000:00:00:00:00
0.00 0.00 0.00 0 0 0.00 0000:00:00:00:00 0000:00:00:00:00
0.00 0.00 0.00 0 0 0.00 0000:00:00:00:00 0000:00:00:00:00
0.00 0.00 0.00 0 0 0.00 0000:00:00:00:00 0000:00:00:00:00
0.00 0.00 0.00 0 0 0.00 0000:00:00:00:00 0000:00:00:00:00
0.00 0.00 0.00 0 0 0.00 0000:00:00:00:00 0000:00:00:00:00
