良品铺子 100.00 99.00 0 10 100.00 2017:01:01:00:00 2020:01:01:00:00
 0.00 0.00 0 0 0.00 0000:00:00:00:00 0000:00:00:00:00
 0.00 0.00 0 0 0.00 0000:00:00:00:00 0000:00:00:00:00
 0.00 0.00 0 0 0.00 0000:00:00:00:00 0000:00:00:00:00
 0.00 0.00 0 0 0.00 0000:00:00:00:00 0000:00:00:00:00
 0.00 0.00 0 0 0.00 0000:00:00:00:00 0000:00:00:00:00
 0.00 0.00 0 0 0.00 0000:00:00:00:00 0000:00:00:00:00
 0.00 0.00 0 0 0.00 0000:00:00:00:00 0000:00:00:00:00
 0.00 0.00 0 0 0.00 0000:00:00:00:00 0000:00:00:00:00
 0.00 0.00 0 0 0.00 0000:00:00:00:00 0000:00:00:00:00
 0.00 0.00 0 0 0.00 0000:00:00:00:00 0000:00:00:00:00
 0.00 0.00 0 0 0.00 0000:00:00:00:00 0000:00:00:00:00
 0.00 0.00 0 0 0.00 0000:00:00:00:00 0000:00:00:00:00
 0.00 0.00 0 0 0.00 0000:00:00:00:00 0000:00:00:00:00
 0.00 0.00 0 0 0.00 0000:00:00:00:00 0000:00:00:00:00
 0.00 0.00 0 0 0.00 0000:00:00:00:00 0000:00:00:00:00
 0.00 0.00 0 0 0.00 0000:00:00:00:00 0000:00:00:00:00
 0.00 0.00 0 0 0.00 0000:00:00:00:00 0000:00:00:00:00
 0.00 0.00 0 0 0.00 0000:00:00:00:00 0000:00:00:00:00
 0.00 0.00 0 0 0.00 0000:00:00:00:00 0000:00:00:00:00
 0.00 0.00 0 0 0.00 0000:00:00:00:00 0000:00:00:00:00
 0.00 0.00 0 0 0.00 0000:00:00:00:00 0000:00:00:00:00
 0.00 0.00 0 0 0.00 0000:00:00:00:00 0000:00:00:00:00
 0.00 0.00 0 0 0.00 0000:00:00:00:00 0000:00:00:00:00
 0.00 0.00 0 0 0.00 0000:00:00:00:00 0000:00:00:00:00
 0.00 0.00 0 0 0.00 0000:00:00:00:00 0000:00:00:00:00
 0.00 0.00 0 0 0.00 0000:00:00:00:00 0000:00:00:00:00
 0.00 0.00 0 0 0.00 0000:00:00:00:00 0000:00:00:00:00
 0.00 0.00 0 0 0.00 0000:00:00:00:00 0000:00:00:00:00
 0.00 0.00 0 0 0.00 0000:00:00:00:00 0000:00:00:00:00
 0.00 0.00 0 0 0.00 0000:00:00:00:00 0000:00:00:00:00
 0.00 0.00 0 0 0.00 0000:00:00:00:00 0000:00:00:00:00
 0.00 0.00 0 0 0.00 0000:00:00:00:00 0000:00:00:00:00
 0.00 0.00 0 0 0.00 0000:00:00:00:00 0000:00:00:00:00
 0.00 0.00 0 0 0.00 0000:00:00:00:00 0000:00:00:00:00
 0.00 0.00 0 0 0.00 0000:00:00:00:00 0000:00:00:00:00
 0.00 0.00 0 0 0.00 0000:00:00:00:00 0000:00:00:00:00
 0.00 0.00 0 0 0.00 0000:00:00:00:00 0000:00:00:00:00
 0.00 0.00 0 0 0.00 0000:00:00:00:00 0000:00:00:00:00
 0.00 0.00 0 0 0.00 0000:00:00:00:00 0000:00:00:00:00
 0.00 0.00 0 0 0.00 0000:00:00:00:00 0000:00:00:00:00
 0.00 0.00 0 0 0.00 0000:00:00:00:00 0000:00:00:00:00
 0.00 0.00 0 0 0.00 0000:00:00:00:00 0000:00:00:00:00
 0.00 0.00 0 0 0.00 0000:00:00:00:00 0000:00:00:00:00
 0.00 0.00 0 0 0.00 0000:00:00:00:00 0000:00:00:00:00
 0.00 0.00 0 0 0.00 0000:00:00:00:00 0000:00:00:00:00
 0.00 0.00 0 0 0.00 0000:00:00:00:00 0000:00:00:00:00
 0.00 0.00 0 0 0.00 0000:00:00:00:00 0000:00:00:00:00
 0.00 0.00 0 0 0.00 0000:00:00:00:00 0000:00:00:00:00
 0.00 0.00 0 0 0.00 0000:00:00:00:00 0000:00:00:00:00
 0.00 0.00 0 0 0.00 0000:00:00:00:00 0000:00:00:00:00
 0.00 0.00 0 0 0.00 0000:00:00:00:00 0000:00:00:00:00
 0.00 0.00 0 0 0.00 0000:00:00:00:00 0000:00:00:00:00
 0.00 0.00 0 0 0.00 0000:00:00:00:00 0000:00:00:00:00
 0.00 0.00 0 0 0.00 0000:00:00:00:00 0000:00:00:00:00
 0.00 0.00 0 0 0.00 0000:00:00:00:00 0000:00:00:00:00
 0.00 0.00 0 0 0.00 0000:00:00:00:00 0000:00:00:00:00
 0.00 0.00 0 0 0.00 0000:00:00:00:00 0000:00:00:00:00
 0.00 0.00 0 0 0.00 0000:00:00:00:00 0000:00:00:00:00
 0.00 0.00 0 0 0.00 0000:00:00:00:00 0000:00:00:00:00
 0.00 0.00 0 0 0.00 0000:00:00:00:00 0000:00:00:00:00
 0.00 0.00 0 0 0.00 0000:00:00:00:00 0000:00:00:00:00
 0.00 0.00 0 0 0.00 0000:00:00:00:00 0000:00:00:00:00
 0.00 0.00 0 0 0.00 0000:00:00:00:00 0000:00:00:00:00
 0.00 0.00 0 0 0.00 0000:00:00:00:00 0000:00:00:00:00
 0.00 0.00 0 0 0.00 0000:00:00:00:00 0000:00:00:00:00
 0.00 0.00 0 0 0.00 0000:00:00:00:00 0000:00:00:00:00
 0.00 0.00 0 0 0.00 0000:00:00:00:00 0000:00:00:00:00
 0.00 0.00 0 0 0.00 0000:00:00:00:00 0000:00:00:00:00
 0.00 0.00 0 0 0.00 0000:00:00:00:00 0000:00:00:00:00
 0.00 0.00 0 0 0.00 0000:00:00:00:00 0000:00:00:00:00
 0.00 0.00 0 0 0.00 0000:00:00:00:00 0000:00:00:00:00
 0.00 0.00 0 0 0.00 0000:00:00:00:00 0000:00:00:00:00
 0.00 0.00 0 0 0.00 0000:00:00:00:00 0000:00:00:00:00
 0.00 0.00 0 0 0.00 0000:00:00:00:00 0000:00:00:00:00
 0.00 0.00 0 0 0.00 0000:00:00:00:00 0000:00:00:00:00
 0.00 0.00 0 0 0.00 0000:00:00:00:00 0000:00:00:00:00
 0.00 0.00 0 0 0.00 0000:00:00:00:00 0000:00:00:00:00
 0.00 0.00 0 0 0.00 0000:00:00:00:00 0000:00:00:00:00
 0.00 0.00 0 0 0.00 0000:00:00:00:00 0000:00:00:00:00
 0.00 0.00 0 0 0.00 0000:00:00:00:00 0000:00:00:00:00
 0.00 0.00 0 0 0.00 0000:00:00:00:00 0000:00:00:00:00
 0.00 0.00 0 0 0.00 0000:00:00:00:00 0000:00:00:00:00
 0.00 0.00 0 0 0.00 0000:00:00:00:00 0000:00:00:00:00
 0.00 0.00 0 0 0.00 0000:00:00:00:00 0000:00:00:00:00
 0.00 0.00 0 0 0.00 0000:00:00:00:00 0000:00:00:00:00
 0.00 0.00 0 0 0.00 0000:00:00:00:00 0000:00:00:00:00
 0.00 0.00 0 0 0.00 0000:00:00:00:00 0000:00:00:00:00
 0.00 0.00 0 0 0.00 0000:00:00:00:00 0000:00:00:00:00
 0.00 0.00 0 0 0.00 0000:00:00:00:00 0000:00:00:00:00
 0.00 0.00 0 0 0.00 0000:00:00:00:00 0000:00:00:00:00
 0.00 0.00 0 0 0.00 0000:00:00:00:00 0000:00:00:00:00
 0.00 0.00 0 0 0.00 0000:00:00:00:00 0000:00:00:00:00
 0.00 0.00 0 0 0.00 0000:00:00:00:00 0000:00:00:00:00
 0.00 0.00 0 0 0.00 0000:00:00:00:00 0000:00:00:00:00
 0.00 0.00 0 0 0.00 0000:00:00:00:00 0000:00:00:00:00
 0.00 0.00 0 0 0.00 0000:00:00:00:00 0000:00:00:00:00
 0.00 0.00 0 0 0.00 0000:00:00:00:00 0000:00:00:00:00
 0.00 0.00 0 0 0.00 0000:00:00:00:00 0000:00:00:00:00
 0.00 0.00 0 0 0.00 0000:00:00:00:00 0000:00:00:00:00
0.00 0.00 0.00 0 0 0.00 0000:00:00:00:00 0000:00:00:00:00
