宏福超市 19.90 10.90 0 99 15.50 1234:12:12:12:12 2345:12:12:12:12
 0.00 0.00 0 0 0.00 0000:00:00:00:00 0000:00:00:00:00
 0.00 0.00 0 0 0.00 0000:00:00:00:00 0000:00:00:00:00
 0.00 0.00 0 0 0.00 0000:00:00:00:00 0000:00:00:00:00
 0.00 0.00 0 0 0.00 0000:00:00:00:00 0000:00:00:00:00
 0.00 0.00 0 0 0.00 0000:00:00:00:00 0000:00:00:00:00
 0.00 0.00 0 0 0.00 0000:00:00:00:00 0000:00:00:00:00
 0.00 0.00 0 0 0.00 0000:00:00:00:00 0000:00:00:00:00
 0.00 0.00 0 0 0.00 0000:00:00:00:00 0000:00:00:00:00
 0.00 0.00 0 0 0.00 0000:00:00:00:00 0000:00:00:00:00
 0.00 0.00 0 0 0.00 0000:00:00:00:00 0000:00:00:00:00
 0.00 0.00 0 0 0.00 0000:00:00:00:00 0000:00:00:00:00
 0.00 0.00 0 0 0.00 0000:00:00:00:00 0000:00:00:00:00
 0.00 0.00 0 0 0.00 0000:00:00:00:00 0000:00:00:00:00
 0.00 0.00 0 0 0.00 0000:00:00:00:00 0000:00:00:00:00
 0.00 0.00 0 0 0.00 0000:00:00:00:00 0000:00:00:00:00
 0.00 0.00 0 0 0.00 0000:00:00:00:00 0000:00:00:00:00
 0.00 0.00 0 0 0.00 0000:00:00:00:00 0000:00:00:00:00
 0.00 0.00 0 0 0.00 0000:00:00:00:00 0000:00:00:00:00
 0.00 0.00 0 0 0.00 0000:00:00:00:00 0000:00:00:00:00
 0.00 0.00 0 0 0.00 0000:00:00:00:00 0000:00:00:00:00
 0.00 0.00 0 0 0.00 0000:00:00:00:00 0000:00:00:00:00
 0.00 0.00 0 0 0.00 0000:00:00:00:00 0000:00:00:00:00
 0.00 0.00 0 0 0.00 0000:00:00:00:00 0000:00:00:00:00
 0.00 0.00 0 0 0.00 0000:00:00:00:00 0000:00:00:00:00
 0.00 0.00 0 0 0.00 0000:00:00:00:00 0000:00:00:00:00
 0.00 0.00 0 0 0.00 0000:00:00:00:00 0000:00:00:00:00
 0.00 0.00 0 0 0.00 0000:00:00:00:00 0000:00:00:00:00
 0.00 0.00 0 0 0.00 0000:00:00:00:00 0000:00:00:00:00
 0.00 0.00 0 0 0.00 0000:00:00:00:00 0000:00:00:00:00
 0.00 0.00 0 0 0.00 0000:00:00:00:00 0000:00:00:00:00
 0.00 0.00 0 0 0.00 0000:00:00:00:00 0000:00:00:00:00
 0.00 0.00 0 0 0.00 0000:00:00:00:00 0000:00:00:00:00
 0.00 0.00 0 0 0.00 0000:00:00:00:00 0000:00:00:00:00
 0.00 0.00 0 0 0.00 0000:00:00:00:00 0000:00:00:00:00
 0.00 0.00 0 0 0.00 0000:00:00:00:00 0000:00:00:00:00
 0.00 0.00 0 0 0.00 0000:00:00:00:00 0000:00:00:00:00
 0.00 0.00 0 0 0.00 0000:00:00:00:00 0000:00:00:00:00
 0.00 0.00 0 0 0.00 0000:00:00:00:00 0000:00:00:00:00
 0.00 0.00 0 0 0.00 0000:00:00:00:00 0000:00:00:00:00
 0.00 0.00 0 0 0.00 0000:00:00:00:00 0000:00:00:00:00
 0.00 0.00 0 0 0.00 0000:00:00:00:00 0000:00:00:00:00
 0.00 0.00 0 0 0.00 0000:00:00:00:00 0000:00:00:00:00
 0.00 0.00 0 0 0.00 0000:00:00:00:00 0000:00:00:00:00
 0.00 0.00 0 0 0.00 0000:00:00:00:00 0000:00:00:00:00
 0.00 0.00 0 0 0.00 0000:00:00:00:00 0000:00:00:00:00
 0.00 0.00 0 0 0.00 0000:00:00:00:00 0000:00:00:00:00
 0.00 0.00 0 0 0.00 0000:00:00:00:00 0000:00:00:00:00
 0.00 0.00 0 0 0.00 0000:00:00:00:00 0000:00:00:00:00
 0.00 0.00 0 0 0.00 0000:00:00:00:00 0000:00:00:00:00
 0.00 0.00 0 0 0.00 0000:00:00:00:00 0000:00:00:00:00
 0.00 0.00 0 0 0.00 0000:00:00:00:00 0000:00:00:00:00
 0.00 0.00 0 0 0.00 0000:00:00:00:00 0000:00:00:00:00
 0.00 0.00 0 0 0.00 0000:00:00:00:00 0000:00:00:00:00
 0.00 0.00 0 0 0.00 0000:00:00:00:00 0000:00:00:00:00
 0.00 0.00 0 0 0.00 0000:00:00:00:00 0000:00:00:00:00
 0.00 0.00 0 0 0.00 0000:00:00:00:00 0000:00:00:00:00
 0.00 0.00 0 0 0.00 0000:00:00:00:00 0000:00:00:00:00
 0.00 0.00 0 0 0.00 0000:00:00:00:00 0000:00:00:00:00
 0.00 0.00 0 0 0.00 0000:00:00:00:00 0000:00:00:00:00
 0.00 0.00 0 0 0.00 0000:00:00:00:00 0000:00:00:00:00
 0.00 0.00 0 0 0.00 0000:00:00:00:00 0000:00:00:00:00
 0.00 0.00 0 0 0.00 0000:00:00:00:00 0000:00:00:00:00
 0.00 0.00 0 0 0.00 0000:00:00:00:00 0000:00:00:00:00
 0.00 0.00 0 0 0.00 0000:00:00:00:00 0000:00:00:00:00
 0.00 0.00 0 0 0.00 0000:00:00:00:00 0000:00:00:00:00
 0.00 0.00 0 0 0.00 0000:00:00:00:00 0000:00:00:00:00
 0.00 0.00 0 0 0.00 0000:00:00:00:00 0000:00:00:00:00
 0.00 0.00 0 0 0.00 0000:00:00:00:00 0000:00:00:00:00
 0.00 0.00 0 0 0.00 0000:00:00:00:00 0000:00:00:00:00
 0.00 0.00 0 0 0.00 0000:00:00:00:00 0000:00:00:00:00
 0.00 0.00 0 0 0.00 0000:00:00:00:00 0000:00:00:00:00
 0.00 0.00 0 0 0.00 0000:00:00:00:00 0000:00:00:00:00
 0.00 0.00 0 0 0.00 0000:00:00:00:00 0000:00:00:00:00
 0.00 0.00 0 0 0.00 0000:00:00:00:00 0000:00:00:00:00
 0.00 0.00 0 0 0.00 0000:00:00:00:00 0000:00:00:00:00
 0.00 0.00 0 0 0.00 0000:00:00:00:00 0000:00:00:00:00
 0.00 0.00 0 0 0.00 0000:00:00:00:00 0000:00:00:00:00
 0.00 0.00 0 0 0.00 0000:00:00:00:00 0000:00:00:00:00
 0.00 0.00 0 0 0.00 0000:00:00:00:00 0000:00:00:00:00
 0.00 0.00 0 0 0.00 0000:00:00:00:00 0000:00:00:00:00
 0.00 0.00 0 0 0.00 0000:00:00:00:00 0000:00:00:00:00
 0.00 0.00 0 0 0.00 0000:00:00:00:00 0000:00:00:00:00
 0.00 0.00 0 0 0.00 0000:00:00:00:00 0000:00:00:00:00
 0.00 0.00 0 0 0.00 0000:00:00:00:00 0000:00:00:00:00
 0.00 0.00 0 0 0.00 0000:00:00:00:00 0000:00:00:00:00
 0.00 0.00 0 0 0.00 0000:00:00:00:00 0000:00:00:00:00
 0.00 0.00 0 0 0.00 0000:00:00:00:00 0000:00:00:00:00
 0.00 0.00 0 0 0.00 0000:00:00:00:00 0000:00:00:00:00
 0.00 0.00 0 0 0.00 0000:00:00:00:00 0000:00:00:00:00
 0.00 0.00 0 0 0.00 0000:00:00:00:00 0000:00:00:00:00
 0.00 0.00 0 0 0.00 0000:00:00:00:00 0000:00:00:00:00
 0.00 0.00 0 0 0.00 0000:00:00:00:00 0000:00:00:00:00
 0.00 0.00 0 0 0.00 0000:00:00:00:00 0000:00:00:00:00
 0.00 0.00 0 0 0.00 0000:00:00:00:00 0000:00:00:00:00
 0.00 0.00 0 0 0.00 0000:00:00:00:00 0000:00:00:00:00
 0.00 0.00 0 0 0.00 0000:00:00:00:00 0000:00:00:00:00
 0.00 0.00 0 0 0.00 0000:00:00:00:00 0000:00:00:00:00
 0.00 0.00 0 0 0.00 0000:00:00:00:00 0000:00:00:00:00
