宏福超市 2000.00 1000.00 0 2 1999.90 2017:06:06:06:06 2018:09:09:09:09
 0.00 0.00 0 0 0.00 0000:00:00:00:00 0000:00:00:00:00
 0.00 0.00 0 0 0.00 0000:00:00:00:00 0000:00:00:00:00
 0.00 0.00 0 0 0.00 0000:00:00:00:00 0000:00:00:00:00
 0.00 0.00 0 0 0.00 0000:00:00:00:00 0000:00:00:00:00
 0.00 0.00 0 0 0.00 0000:00:00:00:00 0000:00:00:00:00
 0.00 0.00 0 0 0.00 0000:00:00:00:00 0000:00:00:00:00
 0.00 0.00 0 0 0.00 0000:00:00:00:00 0000:00:00:00:00
 0.00 0.00 0 0 0.00 0000:00:00:00:00 0000:00:00:00:00
 0.00 0.00 0 0 0.00 0000:00:00:00:00 0000:00:00:00:00
 0.00 0.00 0 0 0.00 0000:00:00:00:00 0000:00:00:00:00
 0.00 0.00 0 0 0.00 0000:00:00:00:00 0000:00:00:00:00
 0.00 0.00 0 0 0.00 0000:00:00:00:00 0000:00:00:00:00
 0.00 0.00 0 0 0.00 0000:00:00:00:00 0000:00:00:00:00
 0.00 0.00 0 0 0.00 0000:00:00:00:00 0000:00:00:00:00
 0.00 0.00 0 0 0.00 0000:00:00:00:00 0000:00:00:00:00
 0.00 0.00 0 0 0.00 0000:00:00:00:00 0000:00:00:00:00
 0.00 0.00 0 0 0.00 0000:00:00:00:00 0000:00:00:00:00
 0.00 0.00 0 0 0.00 0000:00:00:00:00 0000:00:00:00:00
 0.00 0.00 0 0 0.00 0000:00:00:00:00 0000:00:00:00:00
 0.00 0.00 0 0 0.00 0000:00:00:00:00 0000:00:00:00:00
 0.00 0.00 0 0 0.00 0000:00:00:00:00 0000:00:00:00:00
 0.00 0.00 0 0 0.00 0000:00:00:00:00 0000:00:00:00:00
 0.00 0.00 0 0 0.00 0000:00:00:00:00 0000:00:00:00:00
 0.00 0.00 0 0 0.00 0000:00:00:00:00 0000:00:00:00:00
 0.00 0.00 0 0 0.00 0000:00:00:00:00 0000:00:00:00:00
 0.00 0.00 0 0 0.00 0000:00:00:00:00 0000:00:00:00:00
 0.00 0.00 0 0 0.00 0000:00:00:00:00 0000:00:00:00:00
 0.00 0.00 0 0 0.00 0000:00:00:00:00 0000:00:00:00:00
 0.00 0.00 0 0 0.00 0000:00:00:00:00 0000:00:00:00:00
 0.00 0.00 0 0 0.00 0000:00:00:00:00 0000:00:00:00:00
 0.00 0.00 0 0 0.00 0000:00:00:00:00 0000:00:00:00:00
 0.00 0.00 0 0 0.00 0000:00:00:00:00 0000:00:00:00:00
 0.00 0.00 0 0 0.00 0000:00:00:00:00 0000:00:00:00:00
 0.00 0.00 0 0 0.00 0000:00:00:00:00 0000:00:00:00:00
 0.00 0.00 0 0 0.00 0000:00:00:00:00 0000:00:00:00:00
 0.00 0.00 0 0 0.00 0000:00:00:00:00 0000:00:00:00:00
 0.00 0.00 0 0 0.00 0000:00:00:00:00 0000:00:00:00:00
 0.00 0.00 0 0 0.00 0000:00:00:00:00 0000:00:00:00:00
 0.00 0.00 0 0 0.00 0000:00:00:00:00 0000:00:00:00:00
 0.00 0.00 0 0 0.00 0000:00:00:00:00 0000:00:00:00:00
 0.00 0.00 0 0 0.00 0000:00:00:00:00 0000:00:00:00:00
 0.00 0.00 0 0 0.00 0000:00:00:00:00 0000:00:00:00:00
 0.00 0.00 0 0 0.00 0000:00:00:00:00 0000:00:00:00:00
 0.00 0.00 0 0 0.00 0000:00:00:00:00 0000:00:00:00:00
 0.00 0.00 0 0 0.00 0000:00:00:00:00 0000:00:00:00:00
 0.00 0.00 0 0 0.00 0000:00:00:00:00 0000:00:00:00:00
 0.00 0.00 0 0 0.00 0000:00:00:00:00 0000:00:00:00:00
 0.00 0.00 0 0 0.00 0000:00:00:00:00 0000:00:00:00:00
 0.00 0.00 0 0 0.00 0000:00:00:00:00 0000:00:00:00:00
 0.00 0.00 0 0 0.00 0000:00:00:00:00 0000:00:00:00:00
 0.00 0.00 0 0 0.00 0000:00:00:00:00 0000:00:00:00:00
 0.00 0.00 0 0 0.00 0000:00:00:00:00 0000:00:00:00:00
 0.00 0.00 0 0 0.00 0000:00:00:00:00 0000:00:00:00:00
 0.00 0.00 0 0 0.00 0000:00:00:00:00 0000:00:00:00:00
 0.00 0.00 0 0 0.00 0000:00:00:00:00 0000:00:00:00:00
 0.00 0.00 0 0 0.00 0000:00:00:00:00 0000:00:00:00:00
 0.00 0.00 0 0 0.00 0000:00:00:00:00 0000:00:00:00:00
 0.00 0.00 0 0 0.00 0000:00:00:00:00 0000:00:00:00:00
 0.00 0.00 0 0 0.00 0000:00:00:00:00 0000:00:00:00:00
 0.00 0.00 0 0 0.00 0000:00:00:00:00 0000:00:00:00:00
 0.00 0.00 0 0 0.00 0000:00:00:00:00 0000:00:00:00:00
 0.00 0.00 0 0 0.00 0000:00:00:00:00 0000:00:00:00:00
 0.00 0.00 0 0 0.00 0000:00:00:00:00 0000:00:00:00:00
 0.00 0.00 0 0 0.00 0000:00:00:00:00 0000:00:00:00:00
 0.00 0.00 0 0 0.00 0000:00:00:00:00 0000:00:00:00:00
 0.00 0.00 0 0 0.00 0000:00:00:00:00 0000:00:00:00:00
 0.00 0.00 0 0 0.00 0000:00:00:00:00 0000:00:00:00:00
 0.00 0.00 0 0 0.00 0000:00:00:00:00 0000:00:00:00:00
 0.00 0.00 0 0 0.00 0000:00:00:00:00 0000:00:00:00:00
 0.00 0.00 0 0 0.00 0000:00:00:00:00 0000:00:00:00:00
 0.00 0.00 0 0 0.00 0000:00:00:00:00 0000:00:00:00:00
 0.00 0.00 0 0 0.00 0000:00:00:00:00 0000:00:00:00:00
 0.00 0.00 0 0 0.00 0000:00:00:00:00 0000:00:00:00:00
 0.00 0.00 0 0 0.00 0000:00:00:00:00 0000:00:00:00:00
 0.00 0.00 0 0 0.00 0000:00:00:00:00 0000:00:00:00:00
 0.00 0.00 0 0 0.00 0000:00:00:00:00 0000:00:00:00:00
 0.00 0.00 0 0 0.00 0000:00:00:00:00 0000:00:00:00:00
 0.00 0.00 0 0 0.00 0000:00:00:00:00 0000:00:00:00:00
 0.00 0.00 0 0 0.00 0000:00:00:00:00 0000:00:00:00:00
 0.00 0.00 0 0 0.00 0000:00:00:00:00 0000:00:00:00:00
 0.00 0.00 0 0 0.00 0000:00:00:00:00 0000:00:00:00:00
 0.00 0.00 0 0 0.00 0000:00:00:00:00 0000:00:00:00:00
 0.00 0.00 0 0 0.00 0000:00:00:00:00 0000:00:00:00:00
 0.00 0.00 0 0 0.00 0000:00:00:00:00 0000:00:00:00:00
 0.00 0.00 0 0 0.00 0000:00:00:00:00 0000:00:00:00:00
 0.00 0.00 0 0 0.00 0000:00:00:00:00 0000:00:00:00:00
 0.00 0.00 0 0 0.00 0000:00:00:00:00 0000:00:00:00:00
 0.00 0.00 0 0 0.00 0000:00:00:00:00 0000:00:00:00:00
 0.00 0.00 0 0 0.00 0000:00:00:00:00 0000:00:00:00:00
 0.00 0.00 0 0 0.00 0000:00:00:00:00 0000:00:00:00:00
 0.00 0.00 0 0 0.00 0000:00:00:00:00 0000:00:00:00:00
 0.00 0.00 0 0 0.00 0000:00:00:00:00 0000:00:00:00:00
 0.00 0.00 0 0 0.00 0000:00:00:00:00 0000:00:00:00:00
 0.00 0.00 0 0 0.00 0000:00:00:00:00 0000:00:00:00:00
 0.00 0.00 0 0 0.00 0000:00:00:00:00 0000:00:00:00:00
 0.00 0.00 0 0 0.00 0000:00:00:00:00 0000:00:00:00:00
 0.00 0.00 0 0 0.00 0000:00:00:00:00 0000:00:00:00:00
 0.00 0.00 0 0 0.00 0000:00:00:00:00 0000:00:00:00:00
 0.00 0.00 0 0 0.00 0000:00:00:00:00 0000:00:00:00:00
 0.00 0.00 0 0 0.00 0000:00:00:00:00 0000:00:00:00:00
