guke:2017:09:20:23:20 2017:09:20:23:20 肉脯 10 45.00 450.00
   0 0.00 0.00
   0 0.00 0.00
   0 0.00 0.00
   0 0.00 0.00
   0 0.00 0.00
   0 0.00 0.00
   0 0.00 0.00
   0 0.00 0.00
   0 0.00 0.00
   0 0.00 0.00
   0 0.00 0.00
   0 0.00 0.00
   0 0.00 0.00
   0 0.00 0.00
   0 0.00 0.00
   0 0.00 0.00
   0 0.00 0.00
   0 0.00 0.00
   0 0.00 0.00
   0 0.00 0.00
   0 0.00 0.00
   0 0.00 0.00
   0 0.00 0.00
   0 0.00 0.00
   0 0.00 0.00
   0 0.00 0.00
   0 0.00 0.00
   0 0.00 0.00
   0 0.00 0.00
   0 0.00 0.00
   0 0.00 0.00
   0 0.00 0.00
   0 0.00 0.00
   0 0.00 0.00
   0 0.00 0.00
   0 0.00 0.00
   0 0.00 0.00
   0 0.00 0.00
   0 0.00 0.00
   0 0.00 0.00
   0 0.00 0.00
   0 0.00 0.00
   0 0.00 0.00
   0 0.00 0.00
   0 0.00 0.00
   0 0.00 0.00
   0 0.00 0.00
   0 0.00 0.00
   0 0.00 0.00
   0 0.00 0.00
   0 0.00 0.00
   0 0.00 0.00
   0 0.00 0.00
   0 0.00 0.00
   0 0.00 0.00
   0 0.00 0.00
   0 0.00 0.00
   0 0.00 0.00
   0 0.00 0.00
   0 0.00 0.00
   0 0.00 0.00
   0 0.00 0.00
   0 0.00 0.00
   0 0.00 0.00
   0 0.00 0.00
   0 0.00 0.00
   0 0.00 0.00
   0 0.00 0.00
   0 0.00 0.00
   0 0.00 0.00
   0 0.00 0.00
   0 0.00 0.00
   0 0.00 0.00
   0 0.00 0.00
   0 0.00 0.00
   0 0.00 0.00
   0 0.00 0.00
   0 0.00 0.00
   0 0.00 0.00
   0 0.00 0.00
   0 0.00 0.00
   0 0.00 0.00
   0 0.00 0.00
   0 0.00 0.00
   0 0.00 0.00
   0 0.00 0.00
   0 0.00 0.00
   0 0.00 0.00
   0 0.00 0.00
   0 0.00 0.00
   0 0.00 0.00
   0 0.00 0.00
   0 0.00 0.00
   0 0.00 0.00
   0 0.00 0.00
   0 0.00 0.00
   0 0.00 0.00
   0 0.00 0.00
