q|2017:09:19:22:49 2017:09:19:22:49 可乐 20 56.00 1120.00
q|2017:09:19:23:02 2017:09:19:23:02 绿茶可乐 10 45.00 450.00
q|2017:09:19:23:06 2017:09:19:23:06 绿茶可乐 1 45.00 45.00
q|2017:09:19:23:11 2017:09:19:23:11 绿茶可乐 1 45.00 45.00
q|2017:09:19:23:41 2017:09:19:23:41 可乐 10 56.00 560.00
q|2017:09:19:23:41 2017:09:19:23:41 钱包 1 45.00 45.00
q:2017:09:20:12:36 2017:09:20:12:36 钱包 12 45.00 540.00
q:2017:09:20:12:39 2017:09:20:12:39 可乐 3 56.00 168.00
q:2017:09:20:12:39 2017:09:20:12:39 熊 12 100.00 1200.00
q:2017:09:20:12:40 2017:09:20:12:40 可乐 3 56.00 168.00
q:2017:09:20:12:42 2017:09:20:12:42 钱包 1 45.00 45.00
q:2017:09:20:12:43 2017:09:20:12:43 熊 12 100.00 1200.00
q:2017:09:20:12:46 2017:09:20:12:46 熊 12 100.00 1200.00
q:2017:09:20:12:57 2017:09:20:12:57 钱包 12 45.00 540.00
0 0.00 0.00 0 0.00 0.00
0 0.00 0.00 0 0.00 0.00
0 0.00 0.00 0 0.00 0.00
0 0.00 0.00 0 0.00 0.00
0 0.00 0.00 0 0.00 0.00
0 0.00 0.00 0 0.00 0.00
0 0.00 0.00 0 0.00 0.00
0 0.00 0.00 0 0.00 0.00
0 0.00 0.00 0 0.00 0.00
0 0.00 0.00 0 0.00 0.00
0 0.00 0.00 0 0.00 0.00
0 0.00 0.00 0 0.00 0.00
0 0.00 0.00 0 0.00 0.00
0 0.00 0.00 0 0.00 0.00
0 0.00 0.00 0 0.00 0.00
0 0.00 0.00 0 0.00 0.00
0 0.00 0.00 0 0.00 0.00
0 0.00 0.00 0 0.00 0.00
0 0.00 0.00 0 0.00 0.00
0 0.00 0.00 0 0.00 0.00
0 0.00 0.00 0 0.00 0.00
0 0.00 0.00 0 0.00 0.00
0 0.00 0.00 0 0.00 0.00
0 0.00 0.00 0 0.00 0.00
0 0.00 0.00 0 0.00 0.00
0 0.00 0.00 0 0.00 0.00
0 0.00 0.00 0 0.00 0.00
0 0.00 0.00 0 0.00 0.00
0 0.00 0.00 0 0.00 0.00
0 0.00 0.00 0 0.00 0.00
0 0.00 0.00 0 0.00 0.00
0 0.00 0.00 0 0.00 0.00
0 0.00 0.00 0 0.00 0.00
0 0.00 0.00 0 0.00 0.00
0 0.00 0.00 0 0.00 0.00
0 0.00 0.00 0 0.00 0.00
0 0.00 0.00 0 0.00 0.00
可乐 0 0.00 0 0.00 0.00
0 0.00 0.00 0 0.00 0.00
0 0.00 0.00 0 0.00 0.00
0 0.00 0.00 0 0.00 0.00
0 0.00 0.00 0 0.00 0.00
0 0.00 0.00 0 0.00 0.00
0 0.00 0.00 0 0.00 0.00
0 0.00 0.00 0 0.00 0.00
0 0.00 0.00 0 0.00 0.00
0 0.00 0.00 0 0.00 0.00
0 0.00 0.00 0 0.00 0.00
0 0.00 0.00 0 0.00 0.00
0 0.00 0.00 0 0.00 0.00
0 0.00 0.00 0 0.00 0.00
0 0.00 0.00 0 0.00 0.00
0 0.00 0.00 0 0.00 0.00
0 0.00 0.00 0 0.00 0.00
0 0.00 0.00 0 0.00 0.00
0 0.00 0.00 0 0.00 0.00
0 0.00 0.00 0 0.00 0.00
0 0.00 0.00 0 0.00 0.00
0 0.00 0.00 0 0.00 0.00
0 0.00 0.00 0 0.00 0.00
0 0.00 0.00 0 0.00 0.00
0 0.00 0.00 0 0.00 0.00
可乐 0 0.00 0 0.00 0.00
0 0.00 0.00 0 0.00 0.00
0 0.00 0.00 0 0.00 0.00
0 0.00 0.00 0 0.00 0.00
0 0.00 0.00 0 0.00 0.00
0 0.00 0.00 0 0.00 0.00
0 0.00 0.00 0 0.00 0.00
0 0.00 0.00 0 0.00 0.00
0 0.00 0.00 0 0.00 0.00
0 0.00 0.00 0 0.00 0.00
0 0.00 0.00 0 0.00 0.00
0 0.00 0.00 0 0.00 0.00
0 0.00 0.00 0 0.00 0.00
可乐 0 0.00 0 0.00 0.00
0 0.00 0.00 0 0.00 0.00
0 0.00 0.00 0 0.00 0.00
0 0.00 0.00 0 0.00 0.00
0 0.00 0.00 0 0.00 0.00
0 0.00 0.00 0 0.00 0.00
可乐 0 0.00 0 0.00 0.00
0 0.00 0.00 0 0.00 0.00
0 0.00 0.00 0 0.00 0.00
可乐 0 0.00 0 0.00 0.00
0 0.00 0.00 0 0.00 0.00
可乐 0 0.00 0 0.00 0.00
