q|2017:09:19:18:33 2017:09:19:18:58 EE2233 12 12.00 144.00
   0 0.00 0.00
   0 0.00 0.00
   0 0.00 0.00
   0 0.00 0.00
   0 0.00 0.00
   0 0.00 0.00
   0 0.00 0.00
   0 0.00 0.00
   0 0.00 0.00
   0 0.00 0.00
   0 0.00 0.00
   0 0.00 0.00
   0 0.00 0.00
   0 0.00 0.00
   0 0.00 0.00
   0 0.00 0.00
   0 0.00 0.00
   0 0.00 0.00
   0 0.00 0.00
   0 0.00 0.00
   0 0.00 0.00
   0 0.00 0.00
   0 0.00 0.00
   0 0.00 0.00
   0 0.00 0.00
   0 0.00 0.00
   0 0.00 0.00
   0 0.00 0.00
   0 0.00 0.00
   0 0.00 0.00
   0 0.00 0.00
   0 0.00 0.00
   0 0.00 0.00
   0 0.00 0.00
   0 0.00 0.00
   0 0.00 0.00
   0 0.00 0.00
   0 0.00 0.00
   0 0.00 0.00
   0 0.00 0.00
   0 0.00 0.00
   0 0.00 0.00
   0 0.00 0.00
   0 0.00 0.00
   0 0.00 0.00
   0 0.00 0.00
   0 0.00 0.00
   0 0.00 0.00
   0 0.00 0.00
   0 0.00 0.00
   0 0.00 0.00
   0 0.00 0.00
   0 0.00 0.00
   0 0.00 0.00
   0 0.00 0.00
   0 0.00 0.00
   0 0.00 0.00
   0 0.00 0.00
   0 0.00 0.00
   0 0.00 0.00
   0 0.00 0.00
   0 0.00 0.00
   0 0.00 0.00
   0 0.00 0.00
   0 0.00 0.00
   0 0.00 0.00
   0 0.00 0.00
   0 0.00 0.00
   0 0.00 0.00
   0 0.00 0.00
   0 0.00 0.00
   0 0.00 0.00
   0 0.00 0.00
   0 0.00 0.00
   0 0.00 0.00
   0 0.00 0.00
   0 0.00 0.00
   0 0.00 0.00
   0 0.00 0.00
   0 0.00 0.00
   0 0.00 0.00
   0 0.00 0.00
   0 0.00 0.00
   0 0.00 0.00
   0 0.00 0.00
   0 0.00 0.00
   0 0.00 0.00
   0 0.00 0.00
   0 0.00 0.00
   0 0.00 0.00
   0 0.00 0.00
   0 0.00 0.00
   0 0.00 0.00
   0 0.00 0.00
   0 0.00 0.00
   0 0.00 0.00
   0 0.00 0.00
   0 0.00 0.00
   0 0.00 0.00
QQ1234   0 0.00 0.00
