可乐 3.00 2.00 0 100 2.50 2017:01:01:00:00 2020:01:01:00:00
肥皂 6.66 6.00 0 666 6.66 2017:01:01:00:00 2020:01:01:00:00
水杯 20.00 15.00 0 10 18.00 2017:01:01:00:00 2017:01:01:00:00
牙刷 15.00 12.00 0 50 15.00 2017:01:01:00:00 2020:01:01:00:00
台灯 80.00 60.00 0 15 75.00 2017:01:01:00:00 2020:01:01:00:00
袜子 16.00 6.00 0 43 16.00 2017:01:01:00:00 2020:01:01:00:00
毛巾 25.00 10.00 0 77 20.00 2017:01:01:00:00 2020:01:01:00:00
蚊帐 50.00 30.00 0 36 49.90 2017:01:01:00:00 2020:01:01:00:00
衬衫 10.00 8.00 0 100 9.00 1212:12:12:12:12 1212:12:12:12:12
 0.00 0.00 0 0 0.00 0000:00:00:00:00 0000:00:00:00:00
 0.00 0.00 0 0 0.00 0000:00:00:00:00 0000:00:00:00:00
 0.00 0.00 0 0 0.00 0000:00:00:00:00 0000:00:00:00:00
 0.00 0.00 0 0 0.00 0000:00:00:00:00 0000:00:00:00:00
 0.00 0.00 0 0 0.00 0000:00:00:00:00 0000:00:00:00:00
 0.00 0.00 0 0 0.00 0000:00:00:00:00 0000:00:00:00:00
 0.00 0.00 0 0 0.00 0000:00:00:00:00 0000:00:00:00:00
 0.00 0.00 0 0 0.00 0000:00:00:00:00 0000:00:00:00:00
 0.00 0.00 0 0 0.00 0000:00:00:00:00 0000:00:00:00:00
 0.00 0.00 0 0 0.00 0000:00:00:00:00 0000:00:00:00:00
 0.00 0.00 0 0 0.00 0000:00:00:00:00 0000:00:00:00:00
 0.00 0.00 0 0 0.00 0000:00:00:00:00 0000:00:00:00:00
 0.00 0.00 0 0 0.00 0000:00:00:00:00 0000:00:00:00:00
 0.00 0.00 0 0 0.00 0000:00:00:00:00 0000:00:00:00:00
 0.00 0.00 0 0 0.00 0000:00:00:00:00 0000:00:00:00:00
 0.00 0.00 0 0 0.00 0000:00:00:00:00 0000:00:00:00:00
 0.00 0.00 0 0 0.00 0000:00:00:00:00 0000:00:00:00:00
 0.00 0.00 0 0 0.00 0000:00:00:00:00 0000:00:00:00:00
 0.00 0.00 0 0 0.00 0000:00:00:00:00 0000:00:00:00:00
 0.00 0.00 0 0 0.00 0000:00:00:00:00 0000:00:00:00:00
 0.00 0.00 0 0 0.00 0000:00:00:00:00 0000:00:00:00:00
 0.00 0.00 0 0 0.00 0000:00:00:00:00 0000:00:00:00:00
 0.00 0.00 0 0 0.00 0000:00:00:00:00 0000:00:00:00:00
 0.00 0.00 0 0 0.00 0000:00:00:00:00 0000:00:00:00:00
 0.00 0.00 0 0 0.00 0000:00:00:00:00 0000:00:00:00:00
 0.00 0.00 0 0 0.00 0000:00:00:00:00 0000:00:00:00:00
 0.00 0.00 0 0 0.00 0000:00:00:00:00 0000:00:00:00:00
 0.00 0.00 0 0 0.00 0000:00:00:00:00 0000:00:00:00:00
 0.00 0.00 0 0 0.00 0000:00:00:00:00 0000:00:00:00:00
 0.00 0.00 0 0 0.00 0000:00:00:00:00 0000:00:00:00:00
 0.00 0.00 0 0 0.00 0000:00:00:00:00 0000:00:00:00:00
 0.00 0.00 0 0 0.00 0000:00:00:00:00 0000:00:00:00:00
 0.00 0.00 0 0 0.00 0000:00:00:00:00 0000:00:00:00:00
 0.00 0.00 0 0 0.00 0000:00:00:00:00 0000:00:00:00:00
 0.00 0.00 0 0 0.00 0000:00:00:00:00 0000:00:00:00:00
 0.00 0.00 0 0 0.00 0000:00:00:00:00 0000:00:00:00:00
 0.00 0.00 0 0 0.00 0000:00:00:00:00 0000:00:00:00:00
 0.00 0.00 0 0 0.00 0000:00:00:00:00 0000:00:00:00:00
 0.00 0.00 0 0 0.00 0000:00:00:00:00 0000:00:00:00:00
 0.00 0.00 0 0 0.00 0000:00:00:00:00 0000:00:00:00:00
 0.00 0.00 0 0 0.00 0000:00:00:00:00 0000:00:00:00:00
 0.00 0.00 0 0 0.00 0000:00:00:00:00 0000:00:00:00:00
 0.00 0.00 0 0 0.00 0000:00:00:00:00 0000:00:00:00:00
 0.00 0.00 0 0 0.00 0000:00:00:00:00 0000:00:00:00:00
 0.00 0.00 0 0 0.00 0000:00:00:00:00 0000:00:00:00:00
 0.00 0.00 0 0 0.00 0000:00:00:00:00 0000:00:00:00:00
 0.00 0.00 0 0 0.00 0000:00:00:00:00 0000:00:00:00:00
 0.00 0.00 0 0 0.00 0000:00:00:00:00 0000:00:00:00:00
 0.00 0.00 0 0 0.00 0000:00:00:00:00 0000:00:00:00:00
 0.00 0.00 0 0 0.00 0000:00:00:00:00 0000:00:00:00:00
 0.00 0.00 0 0 0.00 0000:00:00:00:00 0000:00:00:00:00
 0.00 0.00 0 0 0.00 0000:00:00:00:00 0000:00:00:00:00
 0.00 0.00 0 0 0.00 0000:00:00:00:00 0000:00:00:00:00
 0.00 0.00 0 0 0.00 0000:00:00:00:00 0000:00:00:00:00
 0.00 0.00 0 0 0.00 0000:00:00:00:00 0000:00:00:00:00
 0.00 0.00 0 0 0.00 0000:00:00:00:00 0000:00:00:00:00
 0.00 0.00 0 0 0.00 0000:00:00:00:00 0000:00:00:00:00
 0.00 0.00 0 0 0.00 0000:00:00:00:00 0000:00:00:00:00
 0.00 0.00 0 0 0.00 0000:00:00:00:00 0000:00:00:00:00
 0.00 0.00 0 0 0.00 0000:00:00:00:00 0000:00:00:00:00
 0.00 0.00 0 0 0.00 0000:00:00:00:00 0000:00:00:00:00
 0.00 0.00 0 0 0.00 0000:00:00:00:00 0000:00:00:00:00
 0.00 0.00 0 0 0.00 0000:00:00:00:00 0000:00:00:00:00
 0.00 0.00 0 0 0.00 0000:00:00:00:00 0000:00:00:00:00
 0.00 0.00 0 0 0.00 0000:00:00:00:00 0000:00:00:00:00
 0.00 0.00 0 0 0.00 0000:00:00:00:00 0000:00:00:00:00
 0.00 0.00 0 0 0.00 0000:00:00:00:00 0000:00:00:00:00
 0.00 0.00 0 0 0.00 0000:00:00:00:00 0000:00:00:00:00
 0.00 0.00 0 0 0.00 0000:00:00:00:00 0000:00:00:00:00
 0.00 0.00 0 0 0.00 0000:00:00:00:00 0000:00:00:00:00
 0.00 0.00 0 0 0.00 0000:00:00:00:00 0000:00:00:00:00
 0.00 0.00 0 0 0.00 0000:00:00:00:00 0000:00:00:00:00
 0.00 0.00 0 0 0.00 0000:00:00:00:00 0000:00:00:00:00
 0.00 0.00 0 0 0.00 0000:00:00:00:00 0000:00:00:00:00
 0.00 0.00 0 0 0.00 0000:00:00:00:00 0000:00:00:00:00
 0.00 0.00 0 0 0.00 0000:00:00:00:00 0000:00:00:00:00
 0.00 0.00 0 0 0.00 0000:00:00:00:00 0000:00:00:00:00
 0.00 0.00 0 0 0.00 0000:00:00:00:00 0000:00:00:00:00
 0.00 0.00 0 0 0.00 0000:00:00:00:00 0000:00:00:00:00
 0.00 0.00 0 0 0.00 0000:00:00:00:00 0000:00:00:00:00
 0.00 0.00 0 0 0.00 0000:00:00:00:00 0000:00:00:00:00
 0.00 0.00 0 0 0.00 0000:00:00:00:00 0000:00:00:00:00
 0.00 0.00 0 0 0.00 0000:00:00:00:00 0000:00:00:00:00
 0.00 0.00 0 0 0.00 0000:00:00:00:00 0000:00:00:00:00
 0.00 0.00 0 0 0.00 0000:00:00:00:00 0000:00:00:00:00
 0.00 0.00 0 0 0.00 0000:00:00:00:00 0000:00:00:00:00
 0.00 0.00 0 0 0.00 0000:00:00:00:00 0000:00:00:00:00
 0.00 0.00 0 0 0.00 0000:00:00:00:00 0000:00:00:00:00
 0.00 0.00 0 0 0.00 0000:00:00:00:00 0000:00:00:00:00
 0.00 0.00 0 0 0.00 0000:00:00:00:00 0000:00:00:00:00
 0.00 0.00 0 0 0.00 0000:00:00:00:00 0000:00:00:00:00
 0.00 0.00 0 0 0.00 0000:00:00:00:00 0000:00:00:00:00
